0401002430020003
2010010442311002
0000024030102030
0002003023100020
0014012003410432
0040100041303200
2040040300040130
1042240342000120
4030130401402403
0030000140101300
0030014242101020
4100030400233000
0143342000100034
0012010400433021
0003130000040430
0312204310040401
2103400030011004
1400001030024201
0002201030210203
4000000110030204
0204043220434020
0102020310242031
2430102040000002
0341102030004130
2001314010040010
2100030034021003
2034002143021200
1002003024033020
2043041203201030
2030300442000342
0000412304001002
3004003003400120
0104023103422000
0042400000010324
0102003102131320
0002024114030004
2010010000010304
0004301200210203
4010014213202000
3002104340012034
0200004230242410
0002423004003104
1042200132004023
3100000023401432
0143000000004201
1430000141203204
0030000404102143
1020043000130002
0230312020100042
4200130030012104
2000010013040010
1200432121040000
3004002000311300
0002100403004023
0200002030020130
0231002010002403
0013304210240230
0340423020130024
1320003002030000
0230001004202140
2403002400013042
0130231010033400
0003234001323000
0031310202001020
0230130001400002
3124400000410002
4031314020131000
2003030000210234
1400201442000002
4000000201200431
0001010010402403
1300023101003002
4010314203002430
1304243140000000
1240030220000420
0102041343201004
3421020000034002
0012014302000024
0320423134002000
2300000332404030
0000100221340000
1023231030410100
4231104201000013
0200142323404000
4123000420000300
0402024003010000
2000004240013120
0300102300040100
3000410010030341
1000234141020204
0004420020033042
0010000310300420
2004042043020043
4300004304102134
0010213002011003
2300412300140402
0132021420001420
4031030204000000
2004042002030310
4320003000033100
4302010430000403
0010213430400023
1043302040020304
0403314040301024
0001020020434300
0201014010000403
0004143232014100
0040012002140432
0030004004003210
2003302000310340
0031030240230014
3021120021404000
0020030132004000
2103042102044002
3000201000210004
0000430021033001
3002401024011304
1402031401203040
2431100202000103
0104003104100302
0340203000244013
3042040140031304
0304003000430421
2314103000014103
3401103400000040
1400304100320000
0304201342300102
4000201414300040
1030004020104100
0423001402414002
0130200000041403
0020003043120100
1004340200200341
1003301003012130
3200143043002040
0213030230002001
0020230132000430
0100230402401030
4030030431020413
0300203042100002
0214142300020301
2401032402003000
0234300101430010
0402304100004123
4031030430420003
0320003404101040
0000103001030304
3000142041300340
0240403004001020
0204030234200040
4302124001303400
0000301213200030
0000210302004012
0030102430102140
0002003004000124
1400320023014102
0142240040100300
0100041010430000
0010130400422431
0104403124030042
0401104000020314
0312123420000021
2014412330410000
0000401204033000
4020001020001042
4010120400002043
1030032100130142
2301402302300000
1300000021430012
0124423004030002
0103304020000002
4023031404300201
0004402131402000
0134340240001000
2300040300044102
0010314200004321
2104002102403400
2041012300343002
3200413013040013
0030002101003412
0310012302400430
2000000002414020
0321024030022100
4030004223141000
1003432130120004
1402001440032300
1234000040200300
2040002130140432
3402203412400020
4000000430420430
0300003000400213
3010020401400320
4002004000003104
0000230110323204
2010410000011420
3100401024310004
0400030230004123
0241040340122030
0031300003420400
0001003431402403
1200040001304301
1300241001200001
0123320110020014
4100031034011200
1000402121343002
0001120303004002
0400100003104102
3012010012344000
0004400331002031
2003400132101402
4200000004103102
0310024030010000
0302420324000120
2030401202403021
3020024323044030
1400030442010000
3410000002434021
0400010313004030
0013032441023001
3200102303410102
0031000001042010
0040002343122004
0200412300302010
2100401230000004
2300102302104100
4310024031042400
2403130041003040
0002031414203200
0210300200000320
4023234100043010
2400130040310142
0210042023000130
0204013210002040
1430030141000214
2030134030200200
3001103040100040
2030002442033002
0203002023400430
1023230041000204
3100200310004300
2104400130001003
4003002401422031
1402300123040000
0342021330200130
4310014002003001
0102040040300300
3010400304001040
4301123000000042
0304403034122100
1000423001242013
0140040240311304
0200430231202001
2431002412030300
4301000434120100
1402001430410000
3042020110240403
2040300200204000
3004241000001040
0123024000320310
3040410310020314
0200002004131340
4312020404200003
1024400000020431
3102201012004001
1400024140322300
1032004041030310
0304102300014102
4021023020433010
0034401204212100
0000324041030314
4010100300242031
0410300440301002
3140023103041400
1034001220014003
0301400314020210
0200130404103000
0302001340003000
0041410010032004
0020040142133042
0301003430021043
0210002303402401
0002100003014020
4003230400010402
0000210302344002
0143300000210034
0023320040300010
3214013214000001
2041042041300010
0200000100420413
1230002120003400
4231000001033002
4012020304313100
0014013010230241
0020300141020010
1043400204202000
4310204002040001
2001034041030014
2004041210404001
0030042100400013
4010130430000001
0300001001204031
1320240000310140
4203134000003124
4003010420010342
2000142000023210
1402020000400003
0042403014200014
0300003201244210
2004030102400010
4020204100320210
0401004031200213
1432030400200240
1020021420000132
0210102004010002
1000030141230204
4010002024303002
4000004014233204
0000243030420000
0100243103244000
2030000002103002
1203431000013120
4213030204012004
0003314040000034
2401130040033042
0023001042010140
0024403100000300
0324020030400001
0304042031004231
0243400231200030
0300420001202413
1043400021000410
0041003241032304
2340102300100002
0321000404103142
0001104030200203
3010410304320300
1043432020343000
0100243042000324
1320241300400032
0432000020430000
3042023123001020
0300103230040210
3010124021000321
3024240013420030
0100003110022000
0123321023000032
0004140001023040
0103302110344002
0430300003040213
0000302400411430
1430024001002010
1030021001430020
0013102020003100
0000200403024003
0402231041000240
2043431002000401
0103400200000230
0430032440100142
0023024000044300
2100340100021240
2040040043211230
2043030012300402
0140430230001234
0400200132004030
3400200012434301
0001014020141420
4103300014302041
0240000314300000
0402003400210203
1040000042033004
2000001032010403
3000240013024231
4213000234010030
4301003000121000
0230041200210103
1203040221340020
1042001031044200
1020004023140032
0430201000404100
0013004031204030
3041040001000002
0012003000404120
2041042040023204
0021004304102134
0100400004310040
0000320123140130
0000003110200210
2014100042003000
4102300104131300
2100000004211030
0310000331420031
0000001212343400
0010000441030001
0003004230202104
1320001302010042
3240400000130004
4000200030121243
0010010323010400
0030012042001340
0231000010040413
0013000210204000
0300240000300042
0012023421430400
0310040200003240
4213000200001320
0000431220043001
3100021020001302
2100040040010300
0010012004023000
0301410300020210
3000041000001302
0104001040001003
0041103020140103
0410024021304301
2003402110323010
4030002000400412
1420234100000030
0302243100230204
0140023113200400
1403031440020240
0003201400011400
2003001202003400
1003030201242430
3400023440202100
3002240100100004
0410210313000231
4302023021030021
3420200000420010
2310010012403020
4203002404300140
0104420024010000
0000041000212143
0102401300000030
2000100402414100
3420104043102004
3040000000140130
2001103240000120
4132300023101003
1300023000000104
2003030230244001
0341400204003214
0020400024133102
0000021410230040
3000000204002340
1200040201040021
2030012013020213
0240410000200403
0120421004002001
3012100020300020
0401004000100204
0340240000200231
0312210004010230
0002000003011203
4302100030210003
1304020000422030
0010124031202430
3400100020340321
0410104301340001
3214013000032301
2413002000310300
0400030030040130
4213002410000040
2043030204210230
0031012003004013
2300010030100200
0003200431420031
0403034031200231
0000013010430301
0123320020140032
1034000001230000
3142201300240001
0004241000000140
0412003412034001
3012123023000100
4000012403401430
0142021303002401
0020120300320304
1200032000300010
4023321020011040
1000200102030142
0010000403411032
0010014034011004
1403030430414000
1423000040120004
0040400300020230
0320020330002430
2041040002003120
2134000200030301
4002034032041020
0401034042030124
1004342000002043
3104003143100040
3402100041000341
4003200100141430
0342200330044200
4201134201000013
1240040041302304
0140300200010320
3002204002340300
0040431030201030
3120001310024030
0001040240202004
2031032042030102
4312020324003100
0000140042130100
4003004102303000
0304003212003420
0402210043211004
0304400304000041
4310014300200234
3042240300011300
0130320123040420
3400200340020004
2013000030040001
2034431014003040
2400100400023240
0340103001040203
0001213413020000
2043430014320010
0200102040302041
0000002330044102
3402004320004020
4301200404121040
0214140020010102
4200004220131024
0400104000344321
0002234140100000
1430031041203200
0400102401000210
2040040010204031
0031000031400400
3024201300011002
0012004000240431
1200031230040000
2014012330010002
1000001001040320
4210032004013042
2410032441303000
3001020400122103
2010412300410002
3000000420014103
2104032110030012
1430321000032301
0000240042303124
2004103202404100
0400203442100040
2134402002033400
0100342000101300
0130200010230001
3020103001434000
1023320100304310
0302200130044203
0020200400411432
4020300103141002
4032320423001020
3002000310042001
4012100000430000
1240041020300321
0003134240000024
0010000334000130
1023300001000040
0342420100000024
0304201331420030
0041000032001020
2010004000210234
4103000423001432
4200000000011304
2013312010024001
1300040030244213
0300142031020031
0430130040100040
4230312000001302
0340403000140003
0430020000002304
0402000000002134
0100201002411032
3024023000422003
0040402003100430
0014140020004132
3140000004011304
4103020110020304
0010004320013000
0004021320303042
3004102040320000
0003030404020241
1000341020410000
2043030200010034
1003000130044032
0134401000433001
1230430001403001
2134340212030000
4200010000031002
1000020000414130
0214400003402400
4213000404022001
3010210040000040
1042001040300000
3002040010200003
0230300220100024
0100001003201243
3400124021040021
0100431034200234
0003320100102000
4123300013002000
3004143203210040
1023000103004102
0312200300010234
4200100034102143
0201143240000000
4013102000300040
4120300400010030
0401000001340300
2014040031404230
0102000042030024
4030302003002410
0400024301322300
0000021041020301
1002200002010123
0321020001043010
0142420324300300
3000023110232014
4201000403020003
0102301000032341
4300010034121203
0320210030100240
0031310410030012
2401030032100000
0403020040120104
2040040143120030
0020020340302014
0031000224031024
0130430234001043
4002201000203001
0413002431020201
3004003020101342
2000430100121040
0010003220401000
0300020430200100
2043300100004300
2014142001024030
0100420000402010
0301402000141432
1002003031242010
0301020304100030
2000402004003240
4013032024010042
0000120430020143
0020020004310100
0020243110430010
3200410200002041
2143342002004300
2403002402011002
0312120021340400
3014010300410002
0003014024310004
0020230100000102
1230340000100040
0040040110344002
0143000013004231
2041412030021004
0010123020010000
0001014300001432
0000000130202413
2100301200434000
0234030021403420
0020120021434012
4120000103100432
3410100420000321
0000430230010400
0021020020430302
4230000000033020
4003324100101000
2410030001044000
0032030000044120
0102003113042010
3000210440020003
0010104040310020
4123000100320210
0001130401004013
1230300103002043
2403100401320000
0140032110343000
1300421300003420
0140043010240203
0100432010000014
2403010040310342
3012013443001200
2413030041320200
0021023024100042
0123230400400000
3120240043020240
2130342100031002
0014043203410100
4102021410202300
0020024341322000
0314043040030001
0004413010232340
1002021020004023
2300012304320201
0040200000010234
0302041340310120
0100001320000432
3000023040100003
1243040200004001
0412120040030341
0300010010303420
3000401000001024
2003342003021034
0010142300404031
0310100001303400
3021024320100002
1020001401302040
0400200410424013
0000023000033124
3410024020344001
0201010010300004
3024423100100002
0430200040133004
0130320000032010
0132000410002301
1420024103100004
3421203002430010
0302120300002134
0320003040130102
2010104202300104
0420304040122030
1000402134122004
4230012010400400
0403304120040102
4003000030120230
1420301001020300
0000140001244010
4301203412000410
0000043003420003
3010140003012000
4320100400103102
1004420020103102
3024020100420410
0302210010343401
4003012004301300
0312214034200004
1003040040012004
0201310210042410
2040102040303004
0000403030420400
0000040343201000
1043000004102130
0020000004121243
1400000401020340
2403012400400000
0401103001000002
4300204002000020
3401020040100143
0204002341300300
0030000131240213
2134040042031002
0140002040000230
2041102040300004
4000130004313042
0000324010320004
4210132000000002
3020020024101302
1430200140133100
3001140200032314
0000401002343020
2043300242010320
1024000031022401
0003032114003010
3041013003140023
1300001030204000
0040300042311324
1304240300020031
1020300001040310
0300213012400020
0100240000244203
0142040000131004
2010140201203201
0004040001322341
1034000001002301
0024000330000102
2010412300003000
4030310410020000
3042040142101000
2430300000200200
1340420030210034
0030310403400400
0200030204200140
2014002001320001
3040401304311004
0031030231242400
0103230010023014
1023021401302001
1030024123104100
0024201003020200
2431000402430302
3014010004202041
0200401024013024
0002400014200014
1042001001300020
2431130031200003
0021100321303402
0142400303040431
0001412314322000
1432000031244010
0230000220031324
1002241331040030
4321010030021034
3241003200004003
0004400004202341
0140030230210234
0001300043021000
0040341210244001
1000400104133104
0310410014303040
1042240102004003
1432001001232001
3024040300001340
0001003430020140
3401000003100140
0420000132100130
0304023034002143
0020320424000300
3004000102000042
1342400000012004
0004000043011040
4020020004311302
1304000340013100
0020100421404010
3200140200100000
3400213040011240
3040241312300000
0001030020400402
0310000230411420
0402004312000000
4201310200131300
2340003202130024
0203130430422001
0140201002000021
0014000030010120
4302023404010103
4230014003000420
0003231004000040
2100340200034001
0001304202000300
2403302013400230
1234001003010123
1034000001000310
0420200001024001
1002243000240210
1200300040020010
3201002004322014
1204030121030010
0402034040200200
0013314040001030
0043000004201204
4320120034020130
0341140030040032
1020024103102030
2430032042000042
1340000042303024
0021020400030410
2043002004300010
1043340100300302
4120001413002001
0014100000233041
3020004010304300
0103300203004000
0430102401004213
4000014304211204
0301123020003042
0100423120100324
3240410000101032
4120304120101400
3020400013002413
2300000004001204
0002001331000201
0100402000403002
2041400302100000
1040423020133004
0300100200414100
0003400030240001
1204000000003021
1432004002004103
2410010440300040
0130320400230300
4010030234000130
2043401012040420
1000230000230014
0010213402400421
2040341000244031
1203000120344012
4020010000041432
0023001402410400
0002021304311304
4130304120130004
1004041342003000
0420000020410100
1200041020034001
0300123434010040
0003301014322300
0000210434120000
0124403100000342
1400034130040013
1003000431420200
3000103440210000
0000420301240401
2013004202044000
1003030000102034
1230341200400003
3004003102004312
1420000430420230
0340010214200200
0200102020000312
0140431200001000
0013000012340000
4130001010033041
0302204302040000
1200341240012004
0002200004011004
2431100030020200
4020010304000034
3000103240010040
4030030001042400
3004413003011023
4001134030002400
0200314000311020
0401023001034310
0023020001000012
0000031212340420
0214413010200000
1000403024033002
2000412032401032
0201402004022000
1002400004130124
0012103440002300
0000000130042403
4021000034001240
0024043130420003
1203042023000132
1340041302013000
4301200402433002
0034400124130100
0304000330011000
0001100004120004
1024000324310000
0012000043212034
3201003000002403
0203000020311040
0130430030121040
2043002004023004
2100432100021230
3400120021304001
0102201012004020
2003130002003020
2104300042000000
0400004001004320
3001143023100003
0003000003414132
0004243101024010
0200102321344002
2103040010340301
4100000410032041
4100030010020001
4012020000200040
0043000234211200
0213310400422030
2030041010000320
0300201300404032
0324000030022401
4210002403401400
3400204000301300
0240042340002014
1430030041033041
1230340223000000
0130432000003000
0400200043100234
0000000110422010
3012000000200231
0040201303210004
1002243100200214
0231310000002014
0003432102140032
4031010000130024
0010104240000004
0342000001203004
1020423001400012
0003021020410430
0432000120004000
1302040300010020
0001412030020030
0310123030210003
1004030100022410
2134000002034020
0030432102000012
1000402121300412
0034041043012043
0423001423010102
2000432010000200
0342000021000400
0300200404030001
